SUFFIX - RESIDUAL PATCHING
refusal_score_diff_harmful_suf_harmless.shape=torch.Size([32, 1]), 
refusal_score_diff_harmful_suf_harmless=tensor([[ 0.2945],
        [ 0.1778],
        [-4.0602],
        [-3.8222],
        [-3.8399],
        [-4.1641],
        [-5.0585],
        [-4.4306],
        [-3.4206],
        [-3.8880],
        [-5.0911],
        [-4.5660],
        [-5.9913],
        [-6.8049],
        [-7.2408],
        [-9.1652],
        [-8.4857],
        [-7.9719],
        [-8.0547],
        [-8.0599],
        [-7.9893],
        [-7.7337],
        [-7.3614],
        [-7.4098],
        [-7.1879],
        [-7.2931],
        [-7.9593],
        [-8.0255],
        [-7.9318],
        [-8.0333],
        [-7.9643],
        [-7.8170]])

normalized by itself (suffix - harmful):
refusal_score_diff_suffix_harmful_norm=tensor([[-0.0060],
        [-0.0507],
        [ 0.5206],
        [ 0.5044],
        [ 0.5070],
        [ 0.5461],
        [ 0.6562],
        [ 0.5710],
        [ 0.4449],
        [ 0.4982],
        [ 0.6579],
        [ 0.5939],
        [ 0.7827],
        [ 0.8886],
        [ 0.9205],
        [ 1.1843],
        [ 1.1064],
        [ 1.0336],
        [ 1.0558],
        [ 1.0493],
        [ 1.0446],
        [ 1.0118],
        [ 0.9597],
        [ 0.9697],
        [ 0.9394],
        [ 0.9550],
        [ 1.0458],
        [ 1.0523],
        [ 1.0377],
        [ 1.0512],
        [ 1.0421],
        [ 1.0237]])

RESIDUAL PATCHING - HARMLESS -> HARMFUL
refusal_score_diff_harmless_harmful=tensor([[ 9.8571e-03],
        [ 4.2551e-03],
        [ 2.2464e-02],
        [ 3.0368e-02],
        [ 1.3472e-02],
        [ 5.0846e-02],
        [ 4.7192e-02],
        [-1.3041e-02],
        [-1.8612e-02],
        [-2.0875e-01],
        [-3.5563e-01],
        [-1.5144e+00],
        [-2.3533e+00],
        [-3.4434e+00],
        [-3.8747e+00],
        [-5.9192e+00],
        [-7.3904e+00],
        [-8.0980e+00],
        [-8.0979e+00],
        [-8.0323e+00],
        [-8.3554e+00],
        [-8.3237e+00],
        [-8.3452e+00],
        [-8.4576e+00],
        [-8.5166e+00],
        [-8.6793e+00],
        [-8.5277e+00],
        [-8.5289e+00],
        [-8.5761e+00],
        [-8.7326e+00],
        [-8.6020e+00],
        [-9.0812e+00]])


ACT PATCHING - CUMULATIVE ATTN_OUT
cumulative_rs_ftl_attn = tensor([[-2.1081e-08, -2.1081e-08, -2.1081e-08, -2.1081e-08, -2.1081e-08,
         -2.1081e-08, -2.1081e-08],
        [ 4.3814e-03,  1.9510e-04,  8.1683e-04,  4.2662e-04, -2.4200e-04,
         -3.9730e-04,  2.4049e-04],
        [ 1.1994e-01,  1.1218e-03,  4.9819e-04,  8.2301e-05, -7.6532e-04,
          3.4168e-05, -4.9967e-04],
        [ 3.4410e-01, -1.5752e-03,  5.0653e-04, -3.9843e-04, -1.3635e-03,
         -2.4419e-04, -1.1071e-03],
        [ 4.2220e-01, -1.6700e-03, -1.2047e-03,  5.0310e-04, -1.4371e-03,
         -1.1063e-03, -2.0719e-03],
        [ 5.2066e-01,  1.7389e-03,  3.5509e-04,  1.6199e-04, -1.4765e-03,
         -2.2431e-03, -5.4575e-03],
        [ 5.1665e-01,  3.4411e-02, -7.2739e-04, -7.2066e-04, -6.4156e-04,
         -1.8863e-03, -3.2869e-03],
        [ 5.1687e-01,  8.9308e-02,  2.3657e-03, -1.5383e-03,  1.1382e-03,
         -1.4614e-03, -4.0646e-03],
        [ 5.1779e-01,  2.0956e-01,  9.8265e-03,  2.6838e-03,  1.4894e-02,
         -1.4780e-03, -2.8156e-03],
        [ 5.0808e-01,  3.5923e-01,  1.4788e-02,  7.3898e-03,  1.8862e-02,
         -2.5826e-03,  1.2455e-03],
        [ 5.0566e-01,  4.6635e-01,  4.6435e-02,  2.6411e-02,  2.1405e-02,
         -2.2711e-03,  4.8443e-03],
        [ 5.1901e-01,  5.9939e-01,  6.7960e-02,  4.1656e-02,  2.3267e-02,
         -1.9888e-03,  1.2978e-02],
        [ 5.4525e-01,  7.8633e-01,  1.6486e-01,  2.0441e-01,  5.1895e-02,
          2.9593e-03,  1.8888e-01],
        [ 5.5039e-01,  7.9459e-01,  2.0314e-01,  2.3215e-01,  8.8274e-02,
          1.2514e-02,  3.9816e-01],
        [ 5.4606e-01,  8.0091e-01,  3.1183e-01,  3.6432e-01,  9.5625e-02,
          2.8083e-02,  7.1519e-01],
        [ 5.4670e-01,  8.0273e-01,  3.1677e-01,  3.7757e-01,  9.2980e-02,
          2.9366e-02,  8.0444e-01],
        [ 5.4941e-01,  7.9990e-01,  3.1848e-01,  3.9016e-01,  8.9636e-02,
          4.2955e-02,  8.7671e-01],
        [ 5.4715e-01,  7.9806e-01,  3.1875e-01,  3.9067e-01,  8.7548e-02,
          3.9551e-02,  9.0459e-01],
        [ 5.4544e-01,  7.9697e-01,  3.1816e-01,  3.9205e-01,  8.6263e-02,
          4.0846e-02,  9.0093e-01],
        [ 5.4622e-01,  7.9631e-01,  3.1843e-01,  3.9423e-01,  8.5215e-02,
          4.2064e-02,  9.2581e-01],
        [ 5.4503e-01,  7.9614e-01,  3.1777e-01,  3.9364e-01,  8.4511e-02,
          4.1770e-02,  9.1444e-01],
        [ 5.4307e-01,  7.9596e-01,  3.1801e-01,  3.9452e-01,  8.4805e-02,
          4.1758e-02,  9.3226e-01],
        [ 5.4351e-01,  7.9610e-01,  3.1801e-01,  3.9495e-01,  8.4741e-02,
          4.2031e-02,  9.2651e-01],
        [ 5.4411e-01,  7.9592e-01,  3.1804e-01,  3.9519e-01,  8.5142e-02,
          4.2350e-02,  9.4422e-01],
        [ 5.4406e-01,  7.9605e-01,  3.1808e-01,  3.9491e-01,  8.5174e-02,
          4.2669e-02,  9.4438e-01],
        [ 5.4412e-01,  7.9597e-01,  3.1819e-01,  3.9509e-01,  8.5410e-02,
          4.3164e-02,  9.5129e-01],
        [ 5.4409e-01,  7.9612e-01,  3.1821e-01,  3.9512e-01,  8.5419e-02,
          4.3502e-02,  9.7397e-01],
        [ 5.4392e-01,  7.9597e-01,  3.1823e-01,  3.9499e-01,  8.5284e-02,
          4.3960e-02,  9.7237e-01],
        [ 5.4420e-01,  7.9596e-01,  3.1840e-01,  3.9541e-01,  8.5395e-02,
          4.4162e-02,  9.7424e-01],
        [ 5.4424e-01,  7.9606e-01,  3.1811e-01,  3.9541e-01,  8.5087e-02,
          4.4309e-02,  9.7944e-01],
        [ 5.4453e-01,  7.9611e-01,  3.1730e-01,  3.9573e-01,  8.5429e-02,
          4.4483e-02,  9.8437e-01],
        [ 5.4461e-01,  7.9615e-01,  3.1727e-01,  3.9575e-01,  8.5709e-02,
          4.4853e-02,  9.9383e-01]])

SUFFIX -> HARMFUL
cumulative_attn_patching_suffix = tensor([[-6.1470e-09, -6.1470e-09, -6.1470e-09, -6.1470e-09, -6.1470e-09,
         -6.1470e-09, -6.1470e-09],
        [ 4.8100e-02,  2.6972e-01,  1.3431e-02,  2.1134e-03,  6.9734e-03,
         -3.1895e-03, -1.9112e-02],
        [ 1.2336e-01,  3.6627e-01,  2.8864e-01,  9.1341e-02,  1.3304e-01,
          4.8688e-02, -4.5892e-02],
        [ 8.7570e-02,  4.3773e-01,  2.3373e-01,  6.0848e-02,  1.3296e-01,
          7.0253e-02,  5.1961e-01],
        [ 8.8204e-02,  4.7391e-01,  2.8383e-01,  7.5394e-02,  1.3284e-01,
          6.7831e-02,  5.0403e-01],
        [ 8.8385e-02,  4.4787e-01,  2.7704e-01,  6.1710e-02,  1.2888e-01,
          7.7011e-02,  4.9927e-01],
        [ 8.9171e-02,  4.0472e-01,  2.7342e-01,  5.2943e-02,  1.2650e-01,
          7.5892e-02,  5.3898e-01],
        [ 8.7255e-02,  4.1313e-01,  2.5727e-01,  4.5605e-02,  1.2660e-01,
          6.5632e-02,  6.3637e-01],
        [ 8.6301e-02,  4.1113e-01,  2.6527e-01,  5.9371e-02,  1.1866e-01,
          6.5795e-02,  5.5577e-01],
        [ 8.4485e-02,  3.7863e-01,  2.1894e-01,  5.3537e-02,  1.1877e-01,
          5.8498e-02,  4.3382e-01],
        [ 8.4324e-02,  3.6640e-01,  2.3025e-01,  7.7567e-02,  1.1849e-01,
          4.9877e-02,  4.9559e-01],
        [ 8.8777e-02,  3.5135e-01,  2.5417e-01,  6.5907e-02,  1.2355e-01,
          5.3961e-02,  6.5838e-01],
        [ 8.8345e-02,  3.4765e-01,  2.4961e-01,  4.6610e-02,  1.2532e-01,
          5.3847e-02,  5.9212e-01],
        [ 8.6036e-02,  3.5566e-01,  2.4208e-01,  3.1288e-02,  1.2533e-01,
          6.1537e-02,  7.7348e-01],
        [ 8.6892e-02,  3.5520e-01,  2.4184e-01,  3.5294e-02,  1.2584e-01,
          4.8958e-02,  8.4208e-01],
        [ 8.6741e-02,  3.5872e-01,  2.3933e-01,  4.2973e-02,  1.2645e-01,
          5.8146e-02,  8.9546e-01],
        [ 8.7031e-02,  3.6655e-01,  2.3486e-01,  5.7379e-02,  1.2612e-01,
          5.2285e-02,  1.1680e+00],
        [ 8.6448e-02,  3.6741e-01,  2.3206e-01,  5.6775e-02,  1.2604e-01,
          5.1501e-02,  1.0958e+00],
        [ 8.6717e-02,  3.6616e-01,  2.2907e-01,  5.8371e-02,  1.2533e-01,
          5.1816e-02,  1.0162e+00],
        [ 8.8514e-02,  3.6829e-01,  2.2297e-01,  6.8629e-02,  1.2330e-01,
          5.6167e-02,  1.0516e+00],
        [ 8.9396e-02,  3.6724e-01,  2.1872e-01,  7.7049e-02,  1.2401e-01,
          5.8171e-02,  1.0413e+00],
        [ 8.9528e-02,  3.6849e-01,  2.1866e-01,  8.3069e-02,  1.2240e-01,
          5.8003e-02,  1.0330e+00],
        [ 9.0022e-02,  3.6660e-01,  2.1589e-01,  8.8343e-02,  1.2176e-01,
          6.2275e-02,  1.0065e+00],
        [ 9.0685e-02,  3.6520e-01,  2.1659e-01,  8.5585e-02,  1.2162e-01,
          6.0997e-02,  9.6391e-01],
        [ 9.1346e-02,  3.6179e-01,  2.1547e-01,  7.5572e-02,  1.1955e-01,
          5.6644e-02,  9.7010e-01],
        [ 9.0848e-02,  3.5976e-01,  2.1548e-01,  7.3708e-02,  1.1833e-01,
          5.3355e-02,  9.5181e-01],
        [ 9.0752e-02,  3.5983e-01,  2.1562e-01,  7.2742e-02,  1.1841e-01,
          5.6106e-02,  9.5890e-01],
        [ 9.0469e-02,  3.6043e-01,  2.1507e-01,  6.5213e-02,  1.1667e-01,
          5.7063e-02,  1.0529e+00],
        [ 9.0334e-02,  3.5959e-01,  2.1413e-01,  6.7279e-02,  1.1689e-01,
          5.8504e-02,  1.0563e+00],
        [ 9.0358e-02,  3.5934e-01,  2.1309e-01,  6.9282e-02,  1.1317e-01,
          6.1138e-02,  1.0418e+00],
        [ 9.0291e-02,  3.5922e-01,  2.0951e-01,  6.1899e-02,  1.0850e-01,
          5.6648e-02,  1.0425e+00],
        [ 8.9911e-02,  3.5918e-01,  2.0723e-01,  5.6066e-02,  1.0473e-01,
          5.2135e-02,  1.0345e+00]])

VICUNA - ATTN HEAD INPUT PATCHING - layer 10-15, pos = -1, harmless -> harmful
tensor([[-1.9405e-04, -7.8089e-06, -1.3488e-04,  8.3898e-05, -3.0909e-04,
         -4.1394e-04,  3.2898e-04,  7.9555e-04, -2.6276e-04,  2.4638e-04,
          4.8003e-05,  5.3659e-05,  3.6324e-04, -1.9640e-04,  7.1183e-05,
          7.8203e-04,  1.9303e-04,  6.7460e-04, -7.6188e-04, -2.3660e-04,
          6.4851e-04, -6.1810e-04,  3.2427e-05,  7.7032e-04,  1.3431e-04,
         -5.4850e-05,  2.8714e-04, -3.8918e-04,  1.3092e-05,  4.4143e-05,
         -4.4021e-04,  1.0168e-03],
        [ 1.3588e-03, -3.4519e-04, -5.0486e-04, -3.4881e-04, -1.2411e-03,
          3.0868e-03,  3.3879e-04,  3.3066e-04,  7.1918e-04,  1.9290e-04,
          8.6833e-04,  9.2899e-05,  5.3938e-04,  2.6830e-04,  3.9878e-04,
         -1.4565e-03, -4.3435e-04, -1.4924e-04, -1.6945e-03,  1.7345e-04,
          2.0110e-04,  4.5639e-04, -2.5705e-04,  9.7610e-04,  1.5687e-03,
         -1.8020e-04, -2.9636e-04,  3.9105e-04, -1.6545e-03,  5.8150e-04,
         -7.6773e-04, -9.0148e-04],
        [-1.0218e-03,  1.5931e-04, -8.8708e-05,  5.9412e-04,  9.1501e-04,
          2.0409e-03, -2.3573e-03, -1.1269e-03,  1.7970e-04, -1.3738e-04,
         -1.9802e-03, -1.3528e-03, -1.0909e-03, -1.4587e-03, -2.1872e-03,
         -1.7278e-03, -5.2550e-04,  7.3507e-04, -8.2960e-05,  1.0270e-03,
         -2.6809e-03,  1.8858e-04,  5.8402e-04, -1.8289e-03, -2.1269e-03,
          9.3337e-04, -4.2024e-04, -1.7298e-03, -1.4684e-03, -3.6185e-04,
          1.2710e-03, -2.3553e-03],
        [ 7.8209e-04, -9.3450e-04, -8.8726e-04,  7.0206e-04, -3.5136e-03,
         -1.9150e-03, -3.9584e-03, -2.8888e-03, -1.1335e-03, -2.7754e-04,
         -1.3135e-03, -2.8711e-03, -8.8514e-04,  1.0482e-03, -1.4378e-03,
         -7.3085e-04, -2.5576e-03, -2.4661e-03, -8.3191e-05, -3.1315e-04,
         -1.8146e-03, -9.7101e-04,  1.1827e-03, -1.3630e-03,  2.1812e-03,
          1.0768e-03, -2.9515e-03,  2.8675e-05, -1.9312e-03,  8.1060e-04,
         -3.3197e-03, -1.8989e-03],
        [-1.4104e-03, -1.5438e-03, -2.8938e-03,  1.1675e-03,  1.0350e-04,
          1.5721e-04,  8.0928e-04, -3.3211e-03, -1.7333e-03, -3.0963e-03,
          1.4419e-03,  2.9932e-03,  3.3246e-03,  1.7212e-03, -8.4690e-04,
         -3.9258e-03,  3.2448e-03,  1.6223e-03, -2.9868e-04, -1.6005e-03,
         -1.0183e-03,  7.7646e-04,  2.5401e-03,  5.8816e-06, -3.6389e-03,
         -2.6613e-03,  1.6278e-04, -3.7284e-03, -8.3483e-04, -6.0023e-03,
         -5.3364e-03, -2.0311e-03],
        [-3.6489e-04, -1.2768e-03, -1.5425e-03,  2.4851e-03,  3.3709e-03,
          4.7459e-03,  1.3424e-03, -3.2303e-03,  4.1001e-04,  5.1938e-04,
          6.2837e-04,  5.0453e-03, -8.7755e-04, -2.7413e-04,  4.5646e-03,
         -2.3658e-04,  2.8604e-03, -1.6611e-03, -2.0105e-04, -5.4702e-04,
         -5.0085e-03,  4.6583e-04,  1.2817e-04,  1.4805e-03, -6.4888e-03,
         -4.3020e-03, -4.0659e-03,  3.2939e-03,  5.9981e-03,  3.8685e-03,
          7.4095e-04, -1.2518e-03]])